225
318
349
925
1077
1283
1647
1826
2004
2397
2772
2912
3253
3513
3527
4137
4797
4819
6703
6731
6751
7601
7736
8009
8062
8123
8517
8722
8769
9173
9226
9269
9296
9873
10818
11292
11499
12085
13415
15060
15343
15924
16736
17109
17159
17796
18224
18248
18339
18801
18926
20406
20415
20873
21052
21385
21436
21588
22032
22390
23132
23298
23334
23763
23836
24054
24719
24789
24882
25308
25531
25685
25865
26376
26794
27038
27124
27208
27574
27641
27750
27774
28275
28332
28337
28361
28502
28578
28683
28786
28932
29055
